1438722340
1438723512
1438723558
1438723597
1438724129
1438724417
1438725320
1438725809
1438725838
1438725905
1438725965
1438726002
1438726360
1438726362
1438726657
1438726883
1438726904
1438727062
1438727201
1438727380
1438727543
1438727544
1438727720
1438727925
1438728114
1438728118
1438728276
1438728295
1438728457
1438728459
1438728616
1438728776
1438728923
1438729078
1438729081
1438729218
1438729403
1438729599
1438729621
1438729776
1438729795
1438729837
1438729999
1438730018
1438730019
1438730277
1438730296
1438730700
1438730760
1438730927
1438731082
1438731084
1438731244
1438731304
1438731467
1438731622
1438731722
1438731805
1438731949
1438732087
1438732244
1438732407
1438732413
1438732733
1438732865
1438732930
1438732953
1438733135
1438733277
1438733459
1438733499
1438733599
1438733755
1438733774
1438733833
1438733853
1438734050
1438734073
1438734235
1438734418
1438734457
1438734476
1438734602
1438734621
1438734689
1438734788
1438734790
1438734967
1438735029
1438735077
1438735177
1438735216
1438735258
1438735494
1438735513
1438735595
1438735635
1438735654
1438735754
1438736056
1438736257
1438736276
1438736296
1438736398
1438736537
1438736556
1438736578
1438736775
1438736814
1438736895
1438736957
1438737133
1438737642
1438737762
1438737882
1438738004
1438738044
1438738186
1438738249
1438738333
1438738594
1438738777
1438738782
1438738923
1438739099
1438739132
1438739371
1438739450
1438739694
1438739971
1438740071
1438740157
1438740218
1438740257
1438740303
1438740404
1438740527
1438740589
1438740630
1438740651
1438740670
1438740689
1438740708
1438740747
1438740766
1438740805
1438740890
1438740960
1438741209
1438741330
1438741505
1438741693
1438741752
1438741813
1438741918
1438742001
1438742173
1438742353
1438742438
1438742613
1438742714
1438742733
1438742812
1438742853
1438743015
1438743270
1438743409
1438743529
1438743568
1438743588
1438743782
1438743823
1438743842
1438743881
1438743883
1438744078
1438744100
1438744141
1438744336
1438744376
1438744493
1438744512
1438744683
1438744706
1438744881
1438744901
1438745077
1438745234
1438745274
1438745333
1438745414
1438745453
1438745650
1438745689
1438745708
1438745711
1438745895
1438746052
1438746209
1438746249
1438746289
1438746308
1438746310
1438746486
1438746546
1438746565
1438746703
1438746874
1438747031
1438747186
1438747226
1438747381
1438747401
1438747420
1438747805
1438747960
1438747962
1438748101
1438748256
1438748275
1438748277
1438748414
1438748571
1438748590
1438748650
1438748671
1438748828
1438748968
1438749123
1438749142
1438749321
1438749517
1438749521
1438749683
1438749687
1438750058
1438750236
1438750395
1438750396
1438750534
1438750671
1438750865
1438751025
1438751182
1438751205
1438751244
1438751401
1438751576
1438751638
1438751809
1438751857
1438751878
1438751899
1438752056
1438752075
1438752095
1438752294
1438752374
1438752529
1438752549
1438752812
1438752968
1438752995
1438753068
1438753070
1438753225
1438753244
1438753305
1438753366
1438753521
1438753604
1438753794
1438753854
1438754011
1438754090
1438754169
1438754189
1438754312
1438754467
1438754486
1438754505
1438754695
1438754715
1438754734
1438754775
1438754778
1438754953
1438754955
1438755094
1438755250
1438755465
1438755467
1438755619
1438755759
1438755939
1438756096
1438756135
1438756158
1438756376
1438756532
1438756693
1438756871
1438757033
1438757037
1438757411
1438757582
1438757721
1438757896
1438758170
1438758193
1438758351
1438758522
1438758677
1438758696
1438758715
1438758815
1438758837
1438758974
1438759114
1438759270
1438759310
1438759463
1438759660
1438759662
1438759820
1438759821
1438759976
1438760136
1438760291
1438760293
1438760588
1438760727
1438760864
1438761021
1438761041
1438761196
1438761357
1438761550
1438761711
1438761887
1438762043
1438762044
1438762199
1438762356
1438762396
1438762569
1438762779
1438762818
1438762877
1438762921
1438762983
1438763138
1438763160
1438763337
1438763529
1438763712
1438763887
1438763908
1438763947
1438763949
1438766699
1438766719
1438767961
1438768706
1438773070
1438782031
1438785715
1438789197
1438789752
1438791229
1438791798
1438791981
1438822958
1438823228
1438823531
1438823570
1438823573
1438824263
1438824772
1438825163
1438825426
1438825446
1438825451
1438825756
1438826044
1438826064
1438826351
1438826371
1438826587
1438827056
1438827075
1438827094
1438827134
1438827136
1438827796
1438827798
1438828552
1438828870
1438829561
1438829998
1438830403
1438830423
1438830443
1438830708
1438830944
1438832372
1438832394
1438832920
1438833191
1438834025
1438834336
1438835047
1438835562
1438836064
1438836292
1438836311
1438836333
1438836334
1438837488
1438837854
1438838119
1438838120
1438838552
1438838554
1438838742
1438839115
1438839134
1438839153
1438839791
1438840060
1438840287
1438840309
1438840556
1438840930
1438841196
1438841428
1438841654
1438841655
1438842167
1438842186
1438842241
1438842260
1438842286
1438842657
1438843166
1438843167
1438843617
1438843619
1438843867
1438844203
1438844428
1438844958
1438845001
1438845079
1438845910
1438846405
1438846656
1438846718
1438847183
1438847557
1438847792
1438848059
1438848329
1438848389
1438848712
1438848963
1438848964
1438849306
1438849636
1438849949
1438850241
1438850529
1438850771
1438850790
1438851211
1438851230
1438851557
1438851576
1438851595
1438852359
1438852378
1438852397
1438852456
1438852478
1438852702
1438852948
1438852950
1438853261
1438853282
1438853715
1438853950
1438854008
1438854202
1438854678
1438854984
1438855253
1438855293
1438855314
1438855676
1438856231
1438856250
1438856498
1438856877
1438857265
1438857267
1438857784
1438858248
1438858954
1438859209
1438859737
1438860114
1438860115
1438860461
1438861130
1438862447
1438865717
1438867176
1438872921
