1438789003
1438789304
1438791136
1438791389
1438791683
1438792199
1438808198
1438809391
1438823334
1438823397
1438823699
1438823899
1438824079
1438824551
1438824613
1438825002
1438825270
1438825599
1438825888
1438826430
1438826715
1438826815
1438826899
1438827524
1438827633
1438828132
1438828413
1438828724
1438829100
1438829239
1438829405
1438829768
1438829851
1438830106
1438830228
1438830551
1438830778
1438831139
1438831667
1438831746
1438832048
1438832147
1438832209
1438832540
1438832781
1438833033
1438833317
1438833819
1438834178
1438834510
1438834856
1438835294
1438835405
1438835749
1438835880
1438836136
1438836422
1438836828
1438837343
1438837614
1438837717
1438837944
1438838307
1438838388
1438838605
1438838873
1438838958
1438839422
1438839644
1438839857
1438839905
1438840130
1438840419
1438840705
1438841039
1438841289
1438841497
1438841781
1438842005
1438842412
1438842498
1438842864
1438843004
1438843294
1438843462
1438843711
1438843954
1438844272
1438844555
1438844657
1438844761
1438845406
1438845486
1438845637
1438846039
1438846138
1438846238
1438846497
1438847018
1438847311
1438847380
1438847633
1438847901
1438848168
1438848557
1438848806
1438849095
1438849144
1438849453
1438849498
1438849768
1438850056
1438850370
1438850616
1438851047
1438851400
1438852195
1438852547
1438852773
1438853085
1438853403
1438853526
1438853770
1438854063
1438854329
1438854515
1438854809
1438855077
1438855423
1438855529
1438855831
1438856076
1438856358
1438856733
1438857108
1438857417
1438857516
1438857596
1438857658
1438857819
1438858170
1438858810
1438859070
1438859399
1438859560
1438859903
1438859950
1438860202
1438860284
1438860552
1438860921
1438861299
1438861424
1438861839
1438862080
1438862303
1438862634
1438863441
1438863641
1438863741
1438863925
1438865640
1438865864
1438866129
1438866339
1438866459
1438867078
1438867325
1438869147
1438870422
1438871040
1438872192
1438872316
1438872753
1438874052
1438874288
1438874901
